ResnetV2 model
Accuracy: 1
F1 Score: [0.7939973 0.6802541]
Precision: 0.749
Recall: 1
