ResnetV2 model
Accuracy: 1
F1 Score: [0.785324   0.75652945]
Precision: 0.772
Recall: 1
